id,fraction,r,g,b
321_100,0.07644259,147.0,32.0,18.0
321_100,0.2761749,253.0,252.0,250.0
321_100,0.05339084,38.0,6.0,4.0
321_100,0.037923854,68.0,5.0,4.0
321_100,0.00594884,168.0,156.0,151.0
321_100,0.005502677,182.0,147.0,131.0
321_100,0.03881618,127.0,17.0,10.0
321_100,0.050118975,107.0,11.0,7.0
321_100,0.07763236,25.0,9.0,6.0
321_100,0.031975016,53.0,7.0,6.0
322_100,0.0751041,147.0,32.0,18.0
322_100,0.27394408,253.0,252.0,250.0
322_100,0.054134443,39.0,7.0,5.0
322_100,0.039857227,68.0,5.0,4.0
322_100,0.005502677,166.0,155.0,151.0
322_100,0.005502677,184.0,148.0,134.0
322_100,0.04030339,127.0,16.0,11.0
322_100,0.048631765,107.0,11.0,7.0
322_100,0.08060678,24.0,9.0,6.0
322_100,0.029892921,53.0,7.0,5.0
323_100,0.07852469,147.0,31.0,18.0
323_100,0.27424154,252.0,252.0,250.0
323_100,0.057257585,38.0,7.0,4.0
323_100,0.040749554,68.0,5.0,4.0
323_100,0.005800119,169.0,157.0,153.0
323_100,0.043575253,127.0,16.0,11.0
323_100,0.045211185,107.0,10.0,7.0
323_100,0.07807852,25.0,10.0,7.0
323_100,0.030190364,53.0,7.0,5.0
323_100,0.048036885,87.0,8.0,7.0
324_100,0.084176086,148.0,32.0,18.0
324_100,0.27320048,253.0,252.0,250.0
324_100,0.05368828,38.0,7.0,4.0
324_100,0.040898275,69.0,5.0,4.0
324_100,0.005651398,166.0,154.0,150.0
324_100,0.00446163,190.0,152.0,138.0
324_100,0.038518738,127.0,16.0,10.0
324_100,0.051160023,107.0,10.0,6.0
324_100,0.0800119,25.0,10.0,6.0
324_100,0.033164784,53.0,8.0,5.0
325_100,0.08655562,147.0,31.0,18.0
325_100,0.27305177,253.0,252.0,250.0
325_100,0.05770375,39.0,6.0,5.0
325_100,0.038072575,68.0,5.0,6.0
325_100,0.005502677,132.0,119.0,117.0
325_100,0.004610351,189.0,154.0,140.0
325_100,0.0389649,125.0,16.0,11.0
325_100,0.046549674,107.0,9.0,7.0
325_100,0.079863176,25.0,9.0,7.0
325_100,0.03242118,54.0,7.0,6.0
326_100,0.088488996,147.0,31.0,18.0
326_100,0.27067223,253.0,252.0,250.0
326_100,0.05056514,107.0,9.0,7.0
326_100,0.056216538,38.0,6.0,4.0
326_100,0.040600833,68.0,5.0,5.0
326_100,0.005353956,166.0,154.0,150.0
326_100,0.03584176,125.0,15.0,10.0
326_100,0.08090422,25.0,9.0,6.0
326_100,0.032123737,53.0,7.0,5.0
326_100,0.049672812,88.0,7.0,7.0
327_100,0.09042237,147.0,30.0,19.0
327_100,0.28494942,253.0,252.0,250.0
327_100,0.061570495,38.0,6.0,4.0
327_100,0.041344438,67.0,5.0,4.0
327_100,0.005502677,131.0,119.0,116.0
327_100,0.004610351,182.0,143.0,129.0
327_100,0.03747769,126.0,15.0,11.0
327_100,0.048185606,107.0,9.0,7.0
327_100,0.032123737,53.0,7.0,6.0
327_100,0.0715348,25.0,10.0,7.0
32_100,0.11867936,151.0,29.0,24.0
32_100,0.2641285,252.0,251.0,250.0
32_100,0.064544916,39.0,6.0,4.0
32_100,0.045657348,70.0,5.0,4.0
32_100,0.006543724,161.0,150.0,148.0
32_100,0.06380131,126.0,13.0,13.0
32_100,0.06409875,107.0,8.0,7.0
32_100,0.009964307,155.0,114.0,103.0
32_100,0.06365259,89.0,8.0,8.0
32_100,0.082688875,25.0,9.0,7.0
33_100,0.118084475,151.0,29.0,24.0
33_100,0.26353362,253.0,251.0,250.0
33_100,0.07064247,38.0,6.0,4.0
33_100,0.04595479,69.0,5.0,3.0
33_100,0.006692445,161.0,150.0,148.0
33_100,0.06543724,126.0,13.0,13.0
33_100,0.06915527,106.0,8.0,7.0
33_100,0.07897085,25.0,9.0,7.0
33_100,0.059785843,89.0,9.0,9.0
33_100,0.028554432,53.0,7.0,5.0
34_100,0.11600238,152.0,30.0,24.0
34_100,0.26368234,253.0,252.0,250.0
34_100,0.07317073,38.0,6.0,4.0
34_100,0.045062464,68.0,5.0,3.0
34_100,0.006543724,162.0,151.0,149.0
34_100,0.069898866,126.0,13.0,13.0
34_100,0.06603213,106.0,8.0,8.0
34_100,0.07778108,25.0,9.0,7.0
34_100,0.058744796,88.0,8.0,8.0
34_100,0.027513385,53.0,7.0,5.0
35_100,0.12700774,152.0,29.0,24.0
35_100,0.26695418,252.0,251.0,250.0
35_100,0.07212968,38.0,6.0,4.0
35_100,0.045508627,69.0,5.0,3.0
35_100,0.00594884,162.0,152.0,150.0
35_100,0.06885783,125.0,13.0,12.0
35_100,0.06409875,106.0,8.0,7.0
35_100,0.075550266,25.0,10.0,7.0
35_100,0.032867342,53.0,7.0,5.0
35_100,0.055770375,89.0,9.0,9.0
36_100,0.12284355,152.0,29.0,25.0
36_100,0.26516953,252.0,252.0,250.0
36_100,0.07569899,38.0,6.0,4.0
36_100,0.043723974,68.0,5.0,3.0
36_100,0.0060975607,161.0,151.0,149.0
36_100,0.07138608,126.0,13.0,12.0
36_100,0.015020821,176.0,75.0,69.0
36_100,0.064396195,106.0,8.0,7.0
36_100,0.05800119,89.0,9.0,9.0
36_100,0.07495538,25.0,9.0,7.0
37_100,0.123587154,150.0,31.0,27.0
37_100,0.016061869,180.0,87.0,80.0
37_100,0.0771862,38.0,5.0,3.0
37_100,0.07034503,125.0,12.0,12.0
37_100,0.06380131,106.0,8.0,6.0
37_100,0.058447354,90.0,9.0,9.0
37_100,0.04595479,70.0,5.0,5.0
37_100,0.031975016,191.0,88.0,62.0
37_100,0.017697798,187.0,71.0,53.0
37_100,0.031528853,53.0,5.0,4.0
38_100,0.06841166,124.0,12.0,11.0
38_100,0.018887566,180.0,86.0,78.0
38_100,0.07941701,39.0,4.0,3.0
38_100,0.12626413,150.0,31.0,27.0
38_100,0.06558596,106.0,8.0,7.0
38_100,0.055472933,89.0,8.0,8.0
38_100,0.046400953,70.0,5.0,5.0
38_100,0.018143961,187.0,72.0,55.0
38_100,0.029149316,190.0,88.0,60.0
38_100,0.03569304,53.0,6.0,5.0
39_100,0.06751934,125.0,12.0,11.0
39_100,0.017549077,180.0,89.0,80.0
39_100,0.12834622,151.0,31.0,27.0
39_100,0.0594884,107.0,8.0,7.0
39_100,0.06380131,90.0,8.0,8.0
39_100,0.0446163,69.0,5.0,5.0
39_100,0.020672219,187.0,71.0,54.0
39_100,0.03747769,53.0,6.0,4.0
39_100,0.07926829,39.0,5.0,4.0
39_100,0.026174895,188.0,86.0,60.0
3_100,0.07763236,147.0,33.0,18.0
3_100,0.055770375,108.0,12.0,8.0
3_100,0.24494348,252.0,251.0,250.0
3_100,0.057406306,39.0,6.0,5.0
3_100,0.039411064,68.0,5.0,4.0
3_100,0.003718025,185.0,152.0,150.0
3_100,0.03420583,127.0,17.0,10.0
3_100,0.08298632,24.0,9.0,6.0
3_100,0.03108269,54.0,7.0,6.0
3_100,0.050118975,88.0,9.0,9.0
40_100,0.06618085,125.0,12.0,11.0
40_100,0.01784652,181.0,91.0,82.0
40_100,0.08164783,40.0,5.0,4.0
40_100,0.12685901,151.0,31.0,27.0
40_100,0.062908985,106.0,8.0,7.0
40_100,0.0623141,90.0,7.0,8.0
40_100,0.044021416,69.0,5.0,5.0
40_100,0.021713266,187.0,70.0,53.0
40_100,0.039262343,53.0,6.0,4.0
40_100,0.02364664,185.0,84.0,60.0
41_100,0.0743605,125.0,12.0,11.0
41_100,0.01948245,182.0,90.0,83.0
41_100,0.12834622,151.0,32.0,29.0
41_100,0.060232006,107.0,9.0,7.0
41_100,0.059934564,89.0,8.0,7.0
41_100,0.048483048,69.0,5.0,4.0
41_100,0.039113622,53.0,5.0,4.0
41_100,0.08224271,41.0,6.0,4.0
41_100,0.01933373,187.0,68.0,52.0
41_100,0.008030934,208.0,127.0,120.0
42_100,0.074211776,126.0,12.0,11.0
42_100,0.021713266,182.0,91.0,83.0
42_100,0.13161808,151.0,33.0,29.0
42_100,0.0679655,106.0,8.0,7.0
42_100,0.058744796,88.0,8.0,7.0
42_100,0.051754907,69.0,5.0,4.0
42_100,0.04045211,53.0,5.0,3.0
42_100,0.0779298,41.0,5.0,3.0
42_100,0.013087448,154.0,54.0,45.0
42_100,0.018441403,185.0,68.0,51.0
43_100,0.0779298,126.0,12.0,12.0
43_100,0.024092803,182.0,93.0,86.0
43_100,0.13860798,150.0,31.0,28.0
43_100,0.06380131,107.0,8.0,7.0
43_100,0.058744796,88.0,7.0,6.0
43_100,0.056067817,69.0,5.0,4.0
43_100,0.051903628,53.0,5.0,4.0
43_100,0.01948245,184.0,66.0,52.0
43_100,0.073914334,40.0,5.0,4.0
43_100,0.013087448,159.0,62.0,56.0
44_100,0.07376561,126.0,12.0,12.0
44_100,0.024092803,181.0,90.0,83.0
44_100,0.14292088,150.0,31.0,29.0
44_100,0.06647829,107.0,9.0,7.0
44_100,0.055472933,89.0,8.0,7.0
44_100,0.06499108,69.0,5.0,4.0
44_100,0.0510113,53.0,5.0,3.0
44_100,0.013087448,161.0,63.0,58.0
44_100,0.01784652,186.0,67.0,51.0
44_100,0.07064247,39.0,5.0,3.0
45_100,0.06469364,127.0,12.0,12.0
45_100,0.02364664,184.0,92.0,86.0
45_100,0.14366448,149.0,31.0,28.0
45_100,0.07049375,106.0,9.0,8.0
45_100,0.05933968,89.0,8.0,7.0
45_100,0.06350387,68.0,4.0,3.0
45_100,0.04714456,53.0,6.0,4.0
45_100,0.01041047,209.0,127.0,119.0
45_100,0.01635931,155.0,59.0,55.0
45_100,0.073914334,40.0,5.0,3.0
46_100,0.14708507,149.0,31.0,28.0
46_100,0.026621059,182.0,89.0,83.0
46_100,0.067221895,126.0,12.0,12.0
46_100,0.06543724,107.0,9.0,8.0
46_100,0.055472933,88.0,9.0,7.0
46_100,0.07168352,69.0,5.0,4.0
46_100,0.044021416,54.0,6.0,4.0
46_100,0.01784652,156.0,60.0,55.0
46_100,0.06528852,40.0,6.0,4.0
46_100,0.008625818,208.0,129.0,120.0
47_100,0.14544913,149.0,30.0,28.0
47_100,0.07911957,69.0,5.0,3.0
47_100,0.027215943,180.0,88.0,81.0
47_100,0.06751934,126.0,12.0,12.0
47_100,0.06335515,107.0,9.0,8.0
47_100,0.059042238,88.0,7.0,6.0
47_100,0.036585364,54.0,6.0,4.0
47_100,0.007733492,207.0,128.0,119.0
47_100,0.016954195,151.0,58.0,53.0
47_100,0.065734684,39.0,5.0,4.0
48_100,0.07331945,126.0,12.0,12.0
48_100,0.08016062,70.0,5.0,4.0
48_100,0.028703153,179.0,89.0,81.0
48_100,0.14559786,150.0,30.0,28.0
48_100,0.058893517,106.0,9.0,8.0
48_100,0.058447354,88.0,8.0,7.0
48_100,0.039113622,54.0,6.0,4.0
48_100,0.011005354,209.0,134.0,126.0
48_100,0.01799524,156.0,61.0,56.0
48_100,0.06885783,40.0,5.0,4.0
49_100,0.14366448,149.0,29.0,27.0
49_100,0.07867341,71.0,5.0,4.0
49_100,0.030785248,182.0,90.0,83.0
49_100,0.06395003,127.0,13.0,12.0
49_100,0.06409875,106.0,9.0,7.0
49_100,0.06751934,88.0,8.0,7.0
49_100,0.03747769,53.0,6.0,4.0
49_100,0.009964307,211.0,135.0,127.0
49_100,0.016954195,160.0,62.0,57.0
49_100,0.06350387,40.0,6.0,4.0
4_100,0.07019631,147.0,32.0,17.0
4_100,0.25981557,252.0,252.0,250.0
4_100,0.057108864,39.0,6.0,5.0
4_100,0.040749554,68.0,5.0,5.0
4_100,0.009369423,157.0,118.0,106.0
4_100,0.03881618,127.0,16.0,11.0
4_100,0.049821533,108.0,11.0,9.0
4_100,0.081052944,24.0,9.0,6.0
4_100,0.029000595,54.0,8.0,7.0
4_100,0.048929207,88.0,9.0,8.0
50_100,0.07465794,127.0,12.0,12.0
50_100,0.031975016,180.0,89.0,82.0
50_100,0.14708507,149.0,29.0,28.0
50_100,0.06380131,106.0,9.0,7.0
50_100,0.07331945,87.0,7.0,7.0
50_100,0.074063055,71.0,5.0,4.0
50_100,0.03732897,54.0,6.0,5.0
50_100,0.010856633,210.0,134.0,126.0
50_100,0.06528852,39.0,5.0,4.0
50_100,0.016061869,159.0,61.0,56.0
51_100,0.15080309,150.0,30.0,28.0
51_100,0.030636527,180.0,90.0,82.0
51_100,0.06499108,127.0,12.0,11.0
51_100,0.07212968,107.0,9.0,7.0
51_100,0.08090422,88.0,7.0,7.0
51_100,0.07079119,72.0,5.0,5.0
51_100,0.013533611,210.0,133.0,125.0
51_100,0.036734086,54.0,6.0,4.0
51_100,0.016656753,158.0,61.0,56.0
51_100,0.063057706,39.0,5.0,3.0
52_100,0.078375965,126.0,12.0,11.0
52_100,0.0325699,181.0,92.0,84.0
52_100,0.15169542,149.0,30.0,29.0
52_100,0.067073174,105.0,8.0,7.0
52_100,0.088340275,87.0,6.0,6.0
52_100,0.067221895,71.0,6.0,5.0
52_100,0.013979774,208.0,129.0,122.0
52_100,0.0389649,52.0,7.0,4.0
52_100,0.020226056,159.0,62.0,56.0
52_100,0.058298633,39.0,5.0,3.0
53_100,0.06930399,127.0,13.0,12.0
53_100,0.030487806,182.0,92.0,84.0
53_100,0.14767995,149.0,29.0,28.0
53_100,0.081350386,105.0,8.0,6.0
53_100,0.08863772,87.0,7.0,6.0
53_100,0.054431885,71.0,6.0,5.0
53_100,0.015020821,208.0,130.0,123.0
53_100,0.039113622,53.0,7.0,5.0
53_100,0.019779893,157.0,60.0,55.0
53_100,0.06216538,39.0,5.0,3.0
54_100,0.071237355,126.0,13.0,12.0
54_100,0.030487806,182.0,92.0,84.0
54_100,0.14723378,150.0,30.0,28.0
54_100,0.07926829,105.0,8.0,7.0
54_100,0.098007135,88.0,7.0,6.0
54_100,0.04952409,71.0,6.0,5.0
54_100,0.014574658,207.0,130.0,122.0
54_100,0.03747769,54.0,7.0,4.0
54_100,0.063057706,39.0,6.0,4.0
54_100,0.01635931,155.0,59.0,54.0
55_100,0.15556216,149.0,28.0,28.0
55_100,0.08997621,105.0,9.0,7.0
55_100,0.033462226,181.0,92.0,83.0
55_100,0.060083285,126.0,12.0,12.0
55_100,0.09473528,89.0,8.0,7.0
55_100,0.049672812,71.0,6.0,5.0
55_100,0.015169542,206.0,129.0,121.0
55_100,0.034354553,53.0,6.0,4.0
55_100,0.057108864,39.0,6.0,4.0
55_100,0.016656753,159.0,62.0,57.0
56_100,0.15288518,149.0,29.0,27.0
56_100,0.031677574,182.0,90.0,83.0
56_100,0.07361689,126.0,12.0,12.0
56_100,0.089827485,105.0,7.0,5.0
56_100,0.08938132,88.0,8.0,6.0
56_100,0.050118975,71.0,6.0,4.0
56_100,0.01338489,203.0,127.0,119.0
56_100,0.04149316,53.0,7.0,4.0
56_100,0.017549077,156.0,60.0,55.0
56_100,0.05636526,38.0,6.0,3.0
57_100,0.1536288,148.0,28.0,27.0
57_100,0.10350981,105.0,8.0,5.0
57_100,0.032272458,183.0,92.0,85.0
57_100,0.06930399,127.0,13.0,12.0
57_100,0.084027365,88.0,9.0,6.0
57_100,0.046995837,70.0,7.0,4.0
57_100,0.013831053,206.0,131.0,123.0
57_100,0.036734086,54.0,7.0,5.0
57_100,0.018143961,156.0,59.0,55.0
57_100,0.06067817,39.0,5.0,4.0
58_100,0.106484234,106.0,8.0,5.0
58_100,0.15422368,148.0,28.0,28.0
58_100,0.029892921,180.0,90.0,82.0
58_100,0.07629387,126.0,13.0,12.0
58_100,0.07748364,89.0,9.0,7.0
58_100,0.048036885,70.0,6.0,4.0
58_100,0.011302796,205.0,130.0,121.0
58_100,0.035246875,54.0,7.0,4.0
58_100,0.021267103,157.0,59.0,54.0
58_100,0.006246282,205.0,137.0,128.0
59_100,0.11689471,107.0,9.0,6.0
59_100,0.15868531,149.0,28.0,26.0
59_100,0.03242118,182.0,89.0,83.0
59_100,0.06692445,127.0,13.0,12.0
59_100,0.0771862,89.0,9.0,7.0
59_100,0.045359906,69.0,5.0,4.0
59_100,0.0148721,208.0,130.0,124.0
59_100,0.03718025,54.0,7.0,4.0
59_100,0.019631172,155.0,58.0,53.0
59_100,0.061124332,39.0,6.0,4.0
5_100,0.0771862,148.0,33.0,18.0
5_100,0.27528256,253.0,252.0,250.0
5_100,0.056216538,38.0,6.0,5.0
5_100,0.040600833,68.0,5.0,5.0
5_100,0.005651398,165.0,153.0,149.0
5_100,0.00446163,188.0,151.0,138.0
5_100,0.040749554,127.0,17.0,11.0
5_100,0.047888163,108.0,11.0,8.0
5_100,0.078227244,24.0,9.0,6.0
5_100,0.031528853,54.0,8.0,7.0
60_100,0.10901249,106.0,9.0,5.0
60_100,0.15407495,149.0,27.0,27.0
60_100,0.03375967,180.0,89.0,82.0
60_100,0.08149911,127.0,12.0,12.0
60_100,0.07480666,89.0,10.0,8.0
60_100,0.04595479,70.0,6.0,4.0
60_100,0.011154075,206.0,129.0,120.0
60_100,0.03718025,54.0,7.0,4.0
60_100,0.061421774,39.0,6.0,4.0
60_100,0.020077335,155.0,60.0,55.0
61_100,0.08953004,125.0,13.0,11.0
61_100,0.033313505,179.0,88.0,83.0
61_100,0.10544319,108.0,10.0,6.0
61_100,0.15630578,149.0,28.0,28.0
61_100,0.07525282,89.0,10.0,9.0
61_100,0.044913743,70.0,6.0,4.0
61_100,0.0121951215,208.0,132.0,124.0
61_100,0.038221296,54.0,7.0,5.0
61_100,0.017400356,158.0,62.0,56.0
61_100,0.0594884,39.0,6.0,4.0
62_100,0.09830458,125.0,12.0,10.0
62_100,0.026026174,178.0,87.0,80.0
62_100,0.15080309,149.0,28.0,27.0
62_100,0.096966095,108.0,10.0,6.0
62_100,0.07079119,89.0,10.0,8.0
62_100,0.041344438,70.0,6.0,4.0
62_100,0.010113028,208.0,130.0,121.0
62_100,0.04298037,54.0,8.0,5.0
62_100,0.020374777,159.0,62.0,56.0
62_100,0.054580607,39.0,6.0,4.0
63_100,0.097858414,126.0,12.0,10.0
63_100,0.026323617,180.0,89.0,80.0
63_100,0.15942891,149.0,29.0,27.0
63_100,0.101279,108.0,10.0,6.0
63_100,0.07287329,89.0,10.0,9.0
63_100,0.04298037,70.0,6.0,4.0
63_100,0.011748959,209.0,131.0,124.0
63_100,0.04149316,54.0,7.0,5.0
63_100,0.059042238,40.0,6.0,4.0
63_100,0.004015467,110.0,69.0,72.0
64_100,0.10737656,126.0,12.0,10.0
64_100,0.026026174,181.0,90.0,81.0
64_100,0.15690066,148.0,28.0,26.0
64_100,0.092653185,108.0,11.0,7.0
64_100,0.07495538,90.0,11.0,10.0
64_100,0.04327781,70.0,5.0,3.0
64_100,0.009666865,206.0,128.0,120.0
64_100,0.03732897,54.0,7.0,5.0
64_100,0.004015467,160.0,60.0,53.0
64_100,0.057406306,39.0,6.0,4.0
65_100,0.109607376,126.0,13.0,10.0
65_100,0.020226056,182.0,91.0,83.0
65_100,0.15972635,149.0,28.0,26.0
65_100,0.088191554,108.0,11.0,7.0
65_100,0.07629387,90.0,11.0,10.0
65_100,0.043426532,70.0,6.0,4.0
65_100,0.010559191,209.0,130.0,123.0
65_100,0.038221296,55.0,8.0,6.0
65_100,0.004015467,178.0,69.0,66.0
65_100,0.058596075,40.0,6.0,4.0
66_100,0.112135634,127.0,13.0,10.0
66_100,0.021713266,182.0,91.0,83.0
66_100,0.16017252,148.0,27.0,25.0
66_100,0.08506841,109.0,12.0,8.0
66_100,0.078227244,90.0,11.0,10.0
66_100,0.04164188,70.0,7.0,4.0
66_100,0.040749554,55.0,8.0,5.0
66_100,0.003420583,112.0,72.0,73.0
66_100,0.009369423,206.0,127.0,120.0
66_100,0.053093396,40.0,5.0,4.0
67_100,0.10603807,128.0,13.0,10.0
67_100,0.022605592,182.0,89.0,82.0
67_100,0.16552648,149.0,28.0,26.0
67_100,0.08997621,109.0,12.0,8.0
67_100,0.07480666,89.0,11.0,10.0
67_100,0.041195717,70.0,6.0,4.0
67_100,0.03881618,55.0,7.0,5.0
67_100,0.008477097,204.0,127.0,120.0
67_100,0.00446163,178.0,68.0,63.0
67_100,0.05636526,40.0,6.0,4.0
68_100,0.10826889,128.0,14.0,9.0
68_100,0.02230815,183.0,90.0,84.0
68_100,0.17058298,148.0,27.0,25.0
68_100,0.08224271,109.0,12.0,8.0
68_100,0.078227244,89.0,11.0,9.0
68_100,0.042236764,69.0,6.0,4.0
68_100,0.035544317,55.0,7.0,5.0
68_100,0.004907793,178.0,67.0,63.0
68_100,0.007733492,206.0,130.0,122.0
68_100,0.05636526,39.0,6.0,4.0
69_100,0.18084474,147.0,26.0,24.0
69_100,0.020523498,183.0,88.0,82.0
69_100,0.1048483,128.0,14.0,10.0
69_100,0.079714455,109.0,12.0,8.0
69_100,0.0751041,90.0,11.0,10.0
69_100,0.039857227,70.0,6.0,4.0
69_100,0.0087745385,206.0,130.0,123.0
69_100,0.039708506,55.0,8.0,5.0
69_100,0.052498512,39.0,5.0,3.0
69_100,0.002825699,177.0,66.0,62.0
6_100,0.07911957,147.0,32.0,19.0
6_100,0.27424154,253.0,252.0,250.0
6_100,0.05532421,38.0,6.0,4.0
6_100,0.040898275,68.0,5.0,5.0
6_100,0.005205235,165.0,153.0,149.0
6_100,0.005800119,187.0,149.0,135.0
6_100,0.03866746,127.0,16.0,11.0
6_100,0.047442,108.0,10.0,7.0
6_100,0.079714455,24.0,9.0,6.0
6_100,0.03123141,53.0,8.0,6.0
70_100,0.19303986,147.0,26.0,24.0
70_100,0.019928614,180.0,89.0,81.0
70_100,0.1041047,128.0,15.0,11.0
70_100,0.077037476,109.0,12.0,8.0
70_100,0.08149911,88.0,10.0,9.0
70_100,0.04149316,70.0,6.0,4.0
70_100,0.035544317,54.0,7.0,5.0
70_100,0.05339084,39.0,6.0,4.0
70_100,0.007287329,206.0,130.0,122.0
70_100,0.002230815,178.0,69.0,64.0
71_100,0.19512194,148.0,26.0,24.0
71_100,0.016656753,181.0,90.0,84.0
71_100,0.09235574,129.0,15.0,10.0
71_100,0.08060678,109.0,13.0,8.0
71_100,0.07495538,88.0,10.0,9.0
71_100,0.040749554,70.0,6.0,5.0
71_100,0.03584176,55.0,7.0,5.0
71_100,0.0060975607,202.0,127.0,120.0
71_100,0.024687685,158.0,61.0,56.0
71_100,0.05487805,39.0,6.0,4.0
72_100,0.19898869,147.0,26.0,22.0
72_100,0.015764426,181.0,89.0,83.0
72_100,0.08878644,128.0,16.0,9.0
72_100,0.07584771,108.0,12.0,7.0
72_100,0.07659131,88.0,10.0,9.0
72_100,0.046549674,70.0,6.0,5.0
72_100,0.006246282,158.0,58.0,49.0
72_100,0.005502677,205.0,127.0,120.0
72_100,0.029446758,54.0,6.0,4.0
72_100,0.05487805,39.0,6.0,3.0
73_100,0.2038965,148.0,27.0,22.0
73_100,0.01635931,182.0,88.0,82.0
73_100,0.08729923,128.0,16.0,10.0
73_100,0.07778108,108.0,12.0,7.0
73_100,0.069898866,88.0,10.0,8.0
73_100,0.041344438,71.0,6.0,4.0
73_100,0.034503274,55.0,7.0,5.0
73_100,0.054134443,39.0,6.0,3.0
73_100,0.005502677,209.0,132.0,126.0
73_100,0.004312909,113.0,71.0,72.0
74_100,0.19988102,147.0,27.0,22.0
74_100,0.01784652,179.0,86.0,79.0
74_100,0.08313504,129.0,17.0,10.0
74_100,0.08179655,108.0,12.0,7.0
74_100,0.071088634,88.0,10.0,8.0
74_100,0.039113622,71.0,7.0,4.0
74_100,0.03747769,54.0,7.0,4.0
74_100,0.004610351,112.0,67.0,69.0
74_100,0.005056514,207.0,130.0,122.0
74_100,0.003866746,159.0,58.0,50.0
75_100,0.20731707,148.0,27.0,22.0
75_100,0.017102916,180.0,87.0,80.0
75_100,0.07941701,129.0,17.0,11.0
75_100,0.07867341,107.0,12.0,7.0
75_100,0.07049375,88.0,11.0,9.0
75_100,0.04312909,70.0,6.0,5.0
75_100,0.030933969,54.0,7.0,5.0
75_100,0.003718025,109.0,65.0,67.0
75_100,0.053837,39.0,6.0,4.0
75_100,0.005056514,206.0,128.0,122.0
76_100,0.21252231,149.0,28.0,23.0
76_100,0.01933373,182.0,89.0,82.0
76_100,0.08060678,129.0,17.0,11.0
76_100,0.07807852,106.0,12.0,6.0
76_100,0.0715348,87.0,11.0,8.0
76_100,0.04030339,70.0,7.0,4.0
76_100,0.003420583,159.0,59.0,48.0
76_100,0.031975016,53.0,6.0,3.0
76_100,0.004907793,204.0,127.0,119.0
76_100,0.026621059,158.0,61.0,56.0
77_100,0.21490185,150.0,28.0,23.0
77_100,0.08016062,106.0,12.0,6.0
77_100,0.01784652,182.0,92.0,84.0
77_100,0.072427124,129.0,18.0,12.0
77_100,0.077037476,88.0,11.0,9.0
77_100,0.040600833,70.0,6.0,5.0
77_100,0.030636527,55.0,7.0,5.0
77_100,0.003271862,163.0,63.0,52.0
77_100,0.003271862,176.0,75.0,65.0
77_100,0.059785843,40.0,6.0,5.0
78_100,0.21832243,149.0,29.0,22.0
78_100,0.08432481,108.0,13.0,7.0
78_100,0.019036287,182.0,93.0,84.0
78_100,0.06261154,128.0,17.0,12.0
78_100,0.071237355,87.0,11.0,8.0
78_100,0.046400953,70.0,7.0,4.0
78_100,0.004907793,164.0,64.0,52.0
78_100,0.03375967,54.0,6.0,3.0
78_100,0.003123141,172.0,75.0,63.0
78_100,0.005651398,204.0,125.0,116.0
79_100,0.20716836,150.0,30.0,24.0
79_100,0.07956573,108.0,13.0,6.0
79_100,0.017102916,184.0,94.0,85.0
79_100,0.075550266,128.0,17.0,11.0
79_100,0.076888755,88.0,11.0,9.0
79_100,0.043872695,70.0,7.0,5.0
79_100,0.003420583,175.0,76.0,64.0
79_100,0.033164784,54.0,7.0,5.0
79_100,0.006246282,205.0,125.0,117.0
79_100,0.003866746,164.0,62.0,52.0
7_100,0.07733492,147.0,32.0,18.0
7_100,0.27364665,252.0,252.0,250.0
7_100,0.057257585,39.0,6.0,4.0
7_100,0.04149316,68.0,5.0,5.0
7_100,0.006692445,167.0,154.0,149.0
7_100,0.004610351,186.0,148.0,133.0
7_100,0.039559785,127.0,16.0,11.0
7_100,0.048334327,108.0,11.0,8.0
7_100,0.076888755,25.0,9.0,6.0
7_100,0.030933969,53.0,7.0,6.0
80_100,0.21505056,150.0,31.0,23.0
80_100,0.0743605,108.0,12.0,6.0
80_100,0.020672219,182.0,92.0,83.0
80_100,0.068560384,128.0,18.0,11.0
80_100,0.0751041,89.0,12.0,9.0
80_100,0.046252232,70.0,7.0,4.0
80_100,0.006841166,207.0,126.0,119.0
80_100,0.034354553,54.0,7.0,4.0
80_100,0.005353956,204.0,140.0,125.0
80_100,0.002676978,174.0,73.0,61.0
81_100,0.21148126,150.0,31.0,24.0
81_100,0.018441403,184.0,92.0,83.0
81_100,0.06677573,128.0,18.0,11.0
81_100,0.06781678,108.0,12.0,6.0
81_100,0.07852469,89.0,12.0,10.0
81_100,0.042682927,69.0,7.0,4.0
81_100,0.006989887,206.0,127.0,118.0
81_100,0.032123737,53.0,6.0,3.0
81_100,0.005651398,207.0,142.0,129.0
81_100,0.046995837,38.0,6.0,3.0
82_100,0.21475312,151.0,32.0,24.0
82_100,0.075401545,109.0,13.0,7.0
82_100,0.018590124,184.0,95.0,85.0
82_100,0.062908985,127.0,17.0,11.0
82_100,0.0771862,89.0,12.0,10.0
82_100,0.04714456,69.0,6.0,5.0
82_100,0.009071981,206.0,127.0,118.0
82_100,0.003123141,175.0,74.0,63.0
82_100,0.00297442,165.0,63.0,53.0
82_100,0.005353956,209.0,144.0,130.0
83_100,0.21267103,152.0,33.0,24.0
83_100,0.016954195,185.0,94.0,84.0
83_100,0.06915527,127.0,17.0,11.0
83_100,0.06558596,108.0,12.0,8.0
83_100,0.081350386,89.0,11.0,9.0
83_100,0.04327781,69.0,7.0,5.0
83_100,0.009518144,208.0,127.0,117.0
83_100,0.005205235,179.0,80.0,66.0
83_100,0.003420583,166.0,64.0,53.0
83_100,0.030190364,54.0,7.0,4.0
84_100,0.21267103,152.0,33.0,24.0
84_100,0.07093991,109.0,13.0,7.0
84_100,0.020374777,184.0,92.0,84.0
84_100,0.05814991,128.0,18.0,11.0
84_100,0.079863176,89.0,12.0,9.0
84_100,0.04327781,69.0,7.0,5.0
84_100,0.010113028,207.0,129.0,119.0
84_100,0.004164188,175.0,76.0,63.0
84_100,0.004015467,165.0,63.0,52.0
84_100,0.033016063,54.0,7.0,4.0
85_100,0.20880428,152.0,34.0,25.0
85_100,0.07346817,109.0,13.0,7.0
85_100,0.017697798,187.0,95.0,86.0
85_100,0.05814991,128.0,18.0,11.0
85_100,0.08432481,90.0,13.0,11.0
85_100,0.04312909,69.0,6.0,4.0
85_100,0.011154075,210.0,130.0,121.0
85_100,0.006692445,179.0,80.0,66.0
85_100,0.03138013,54.0,6.0,3.0
85_100,0.00297442,164.0,62.0,49.0
86_100,0.2061273,152.0,34.0,25.0
86_100,0.017102916,188.0,94.0,86.0
86_100,0.05963712,127.0,18.0,11.0
86_100,0.072427124,109.0,13.0,7.0
86_100,0.085365854,89.0,13.0,11.0
86_100,0.039708506,70.0,7.0,5.0
86_100,0.01041047,210.0,130.0,119.0
86_100,0.0060975607,180.0,81.0,67.0
86_100,0.007584771,210.0,144.0,133.0
86_100,0.00297442,163.0,60.0,46.0
87_100,0.20553242,153.0,35.0,25.0
87_100,0.07302201,108.0,13.0,8.0
87_100,0.01933373,187.0,95.0,86.0
87_100,0.05517549,128.0,18.0,11.0
87_100,0.084176086,89.0,11.0,10.0
87_100,0.040749554,70.0,6.0,5.0
87_100,0.006692445,180.0,80.0,67.0
87_100,0.010261749,210.0,131.0,121.0
87_100,0.003123141,179.0,68.0,58.0
87_100,0.006692445,213.0,146.0,136.0
88_100,0.20791195,152.0,34.0,25.0
88_100,0.08164783,108.0,13.0,8.0
88_100,0.010261749,178.0,79.0,65.0
88_100,0.05071386,128.0,18.0,11.0
88_100,0.079714455,88.0,12.0,9.0
88_100,0.01933373,186.0,95.0,85.0
88_100,0.04030339,70.0,7.0,4.0
88_100,0.01041047,211.0,131.0,121.0
88_100,0.004610351,164.0,62.0,48.0
88_100,0.03747769,53.0,6.0,3.0
89_100,0.21118382,152.0,35.0,25.0
89_100,0.07346817,108.0,13.0,7.0
89_100,0.010559191,180.0,81.0,66.0
89_100,0.051903628,128.0,18.0,12.0
89_100,0.08313504,89.0,12.0,10.0
89_100,0.016508032,187.0,96.0,86.0
89_100,0.041195717,70.0,6.0,4.0
89_100,0.011154075,211.0,131.0,121.0
89_100,0.00446163,165.0,63.0,48.0
89_100,0.004312909,178.0,65.0,55.0
8_100,0.084027365,146.0,31.0,18.0
8_100,0.2733492,253.0,252.0,250.0
8_100,0.051457465,38.0,7.0,4.0
8_100,0.007287329,167.0,153.0,149.0
8_100,0.00446163,188.0,149.0,136.0
8_100,0.03732897,126.0,16.0,10.0
8_100,0.051903628,107.0,10.0,7.0
8_100,0.084027365,25.0,10.0,6.0
8_100,0.03732897,53.0,7.0,5.0
8_100,0.03718025,69.0,6.0,5.0
90_100,0.20196311,153.0,36.0,25.0
90_100,0.079714455,110.0,13.0,8.0
90_100,0.009815586,181.0,81.0,64.0
90_100,0.0060975607,231.0,164.0,153.0
90_100,0.052647233,128.0,18.0,11.0
90_100,0.07867341,89.0,12.0,10.0
90_100,0.018143961,187.0,94.0,84.0
90_100,0.03747769,70.0,7.0,4.0
90_100,0.012046401,209.0,129.0,119.0
90_100,0.005651398,179.0,66.0,55.0
91_100,0.20121951,153.0,35.0,25.0
91_100,0.07599643,109.0,13.0,8.0
91_100,0.019928614,187.0,95.0,85.0
91_100,0.006841166,233.0,166.0,155.0
91_100,0.046549674,128.0,19.0,11.0
91_100,0.0800119,89.0,12.0,9.0
91_100,0.009369423,179.0,80.0,64.0
91_100,0.040898275,71.0,6.0,4.0
91_100,0.012343843,207.0,128.0,117.0
91_100,0.007584771,179.0,66.0,55.0
92_100,0.19229625,153.0,35.0,25.0
92_100,0.074063055,111.0,14.0,8.0
92_100,0.012790006,182.0,84.0,65.0
92_100,0.012790006,209.0,129.0,116.0
92_100,0.047442,128.0,19.0,12.0
92_100,0.07525282,90.0,12.0,10.0
92_100,0.015169542,187.0,95.0,86.0
92_100,0.041195717,70.0,7.0,4.0
92_100,0.006692445,180.0,67.0,56.0
92_100,0.005353956,167.0,64.0,45.0
93_100,0.18813206,153.0,35.0,24.0
93_100,0.07302201,111.0,14.0,8.0
93_100,0.014277216,180.0,80.0,62.0
93_100,0.005800119,232.0,166.0,156.0
93_100,0.048334327,128.0,20.0,12.0
93_100,0.07748364,90.0,12.0,10.0
93_100,0.015764426,188.0,96.0,86.0
93_100,0.037923854,70.0,6.0,4.0
93_100,0.012492564,208.0,128.0,117.0
93_100,0.00594884,180.0,69.0,55.0
94_100,0.19854254,152.0,35.0,23.0
94_100,0.084176086,110.0,14.0,8.0
94_100,0.015466984,181.0,80.0,62.0
94_100,0.014425937,209.0,127.0,115.0
94_100,0.005205235,234.0,167.0,155.0
94_100,0.041344438,128.0,19.0,12.0
94_100,0.07287329,89.0,12.0,11.0
94_100,0.039559785,70.0,6.0,3.0
94_100,0.015020821,187.0,94.0,85.0
94_100,0.007584771,179.0,67.0,53.0
95_100,0.189768,153.0,35.0,24.0
95_100,0.07807852,111.0,13.0,9.0
95_100,0.0121951215,183.0,83.0,65.0
95_100,0.04952409,127.0,19.0,12.0
95_100,0.072724566,89.0,11.0,10.0
95_100,0.016805474,188.0,96.0,87.0
95_100,0.041344438,70.0,7.0,4.0
95_100,0.012641285,211.0,131.0,118.0
95_100,0.0087745385,181.0,69.0,56.0
95_100,0.006543724,162.0,61.0,40.0
96_100,0.19437835,152.0,35.0,24.0
96_100,0.07897085,110.0,13.0,8.0
96_100,0.013979774,181.0,81.0,63.0
96_100,0.046698395,127.0,19.0,12.0
96_100,0.07004759,89.0,11.0,9.0
96_100,0.016656753,188.0,96.0,86.0
96_100,0.041344438,69.0,7.0,4.0
96_100,0.012641285,212.0,132.0,119.0
96_100,0.007584771,181.0,68.0,56.0
96_100,0.046400953,54.0,7.0,4.0
97_100,0.1948245,153.0,36.0,25.0
97_100,0.075401545,110.0,13.0,9.0
97_100,0.012938727,182.0,81.0,64.0
97_100,0.00297442,237.0,169.0,154.0
97_100,0.048334327,127.0,18.0,12.0
97_100,0.07733492,89.0,11.0,9.0
97_100,0.015466984,190.0,96.0,86.0
97_100,0.04045211,69.0,6.0,4.0
97_100,0.013087448,212.0,131.0,120.0
97_100,0.010559191,180.0,68.0,55.0
98_100,0.19779892,153.0,36.0,25.0
98_100,0.07882213,110.0,13.0,9.0
98_100,0.018590124,182.0,84.0,65.0
98_100,0.009815586,209.0,129.0,115.0
98_100,0.05086258,128.0,18.0,12.0
98_100,0.07183224,88.0,10.0,9.0
98_100,0.042682927,70.0,6.0,4.0
98_100,0.010559191,192.0,100.0,89.0
98_100,0.009071981,182.0,70.0,56.0
98_100,0.04164188,54.0,7.0,4.0
99_100,0.19779892,153.0,37.0,25.0
99_100,0.07093991,109.0,13.0,8.0
99_100,0.016656753,182.0,81.0,64.0
99_100,0.009964307,212.0,129.0,116.0
99_100,0.052498512,128.0,18.0,12.0
99_100,0.07941701,88.0,11.0,9.0
99_100,0.042236764,69.0,6.0,4.0
99_100,0.012938727,184.0,71.0,59.0
99_100,0.009220702,196.0,101.0,89.0
99_100,0.03747769,54.0,7.0,5.0
9_100,0.08625818,147.0,32.0,19.0
9_100,0.28703153,253.0,252.0,250.0
9_100,0.05800119,38.0,6.0,4.0
9_100,0.0417906,68.0,5.0,5.0
9_100,0.005502677,132.0,121.0,118.0
9_100,0.002825699,224.0,192.0,188.0
9_100,0.041939322,125.0,15.0,11.0
9_100,0.045359906,106.0,9.0,7.0
9_100,0.07465794,25.0,10.0,7.0
9_100,0.051606186,87.0,7.0,8.0
r_321_100,0.19883998,151.0,34.0,24.0
r_321_100,0.10559191,113.0,21.0,9.0
r_321_100,0.07212968,59.0,15.0,5.0
r_321_100,0.034354553,147.0,54.0,35.0
r_321_100,0.058298633,129.0,18.0,10.0
r_321_100,0.025580011,183.0,87.0,70.0
r_321_100,0.012343843,187.0,96.0,83.0
r_321_100,0.012938727,215.0,124.0,109.0
r_321_100,0.007138608,183.0,72.0,63.0
r_321_100,0.0743605,88.0,18.0,12.0
r_322_100,0.19883998,150.0,35.0,22.0
r_322_100,0.10678168,112.0,21.0,8.0
r_322_100,0.072724566,61.0,16.0,5.0
r_322_100,0.040600833,149.0,54.0,35.0
r_322_100,0.055770375,130.0,19.0,10.0
r_322_100,0.028851874,182.0,87.0,70.0
r_322_100,0.01041047,189.0,100.0,85.0
r_322_100,0.014128495,214.0,127.0,109.0
r_322_100,0.069898866,87.0,18.0,12.0
r_322_100,0.005353956,184.0,72.0,64.0
r_323_100,0.21088637,151.0,34.0,23.0
r_323_100,0.104997024,112.0,22.0,9.0
r_323_100,0.06751934,59.0,16.0,6.0
r_323_100,0.03584176,150.0,54.0,36.0
r_323_100,0.05056514,130.0,19.0,10.0
r_323_100,0.025728732,180.0,86.0,69.0
r_323_100,0.014723379,185.0,96.0,83.0
r_323_100,0.015466984,215.0,127.0,112.0
r_323_100,0.075401545,88.0,20.0,12.0
r_323_100,0.006246282,181.0,69.0,62.0
r_324_100,0.21296847,151.0,34.0,22.0
r_324_100,0.10618679,113.0,23.0,9.0
r_324_100,0.015169542,215.0,129.0,112.0
r_324_100,0.06677573,59.0,16.0,5.0
r_324_100,0.03718025,150.0,55.0,36.0
r_324_100,0.029149316,181.0,86.0,69.0
r_324_100,0.046698395,130.0,18.0,10.0
r_324_100,0.012046401,184.0,98.0,82.0
r_324_100,0.00743605,183.0,70.0,57.0
r_324_100,0.07212968,87.0,19.0,11.0
r_325_100,0.21549673,151.0,34.0,22.0
r_325_100,0.11005354,113.0,24.0,9.0
r_325_100,0.016656753,214.0,129.0,112.0
r_325_100,0.07138608,60.0,16.0,4.0
r_325_100,0.04030339,147.0,51.0,32.0
r_325_100,0.027810827,181.0,88.0,70.0
r_325_100,0.049970254,129.0,19.0,11.0
r_325_100,0.012492564,185.0,97.0,83.0
r_325_100,0.007287329,183.0,71.0,59.0
r_325_100,0.06811422,86.0,20.0,10.0
r_326_100,0.21936348,151.0,35.0,21.0
r_326_100,0.11570494,114.0,24.0,9.0
r_326_100,0.01621059,213.0,126.0,110.0
r_326_100,0.06811422,60.0,16.0,5.0
r_326_100,0.04431886,147.0,51.0,31.0
r_326_100,0.03138013,182.0,87.0,69.0
r_326_100,0.042682927,130.0,19.0,11.0
r_326_100,0.011600238,185.0,97.0,83.0
r_326_100,0.005651398,183.0,71.0,58.0
r_326_100,0.067221895,87.0,20.0,10.0
r_327_100,0.21653777,152.0,35.0,22.0
r_327_100,0.11451517,113.0,25.0,9.0
r_327_100,0.01621059,212.0,126.0,108.0
r_327_100,0.07212968,60.0,17.0,5.0
r_327_100,0.045508627,146.0,49.0,28.0
r_327_100,0.02959548,181.0,87.0,68.0
r_327_100,0.03747769,130.0,18.0,12.0
r_327_100,0.010113028,185.0,99.0,84.0
r_327_100,0.005800119,183.0,70.0,56.0
r_327_100,0.063057706,87.0,21.0,12.0
r_32_100,0.13831054,147.0,61.0,23.0
r_32_100,0.006841166,215.0,132.0,115.0
r_32_100,0.15377751,164.0,45.0,29.0
r_32_100,0.048483048,186.0,87.0,57.0
r_32_100,0.020226056,173.0,78.0,33.0
r_32_100,0.021564545,163.0,66.0,23.0
r_32_100,0.027513385,186.0,70.0,51.0
r_32_100,0.006692445,170.0,58.0,24.0
r_32_100,0.06276026,111.0,35.0,11.0
r_32_100,0.003866746,182.0,69.0,34.0
r_33_100,0.1323617,144.0,60.0,21.0
r_33_100,0.03271862,174.0,81.0,33.0
r_33_100,0.005800119,215.0,135.0,115.0
r_33_100,0.002825699,239.0,169.0,149.0
r_33_100,0.1479774,164.0,45.0,30.0
r_33_100,0.04476502,188.0,90.0,61.0
r_33_100,0.027662106,162.0,68.0,23.0
r_33_100,0.029149316,185.0,69.0,50.0
r_33_100,0.006692445,172.0,57.0,24.0
r_33_100,0.004312909,183.0,70.0,34.0
r_34_100,0.13444379,144.0,61.0,21.0
r_34_100,0.039113622,175.0,81.0,33.0
r_34_100,0.002528257,239.0,170.0,148.0
r_34_100,0.14411065,164.0,45.0,30.0
r_34_100,0.048334327,188.0,90.0,58.0
r_34_100,0.02215943,161.0,70.0,23.0
r_34_100,0.02543129,187.0,71.0,51.0
r_34_100,0.004164188,181.0,69.0,32.0
r_34_100,0.004907793,172.0,58.0,23.0
r_34_100,0.06499108,110.0,33.0,11.0
r_35_100,0.046847116,175.0,82.0,33.0
r_35_100,0.123587154,144.0,62.0,22.0
r_35_100,0.00594884,217.0,135.0,119.0
r_35_100,0.053242117,186.0,90.0,56.0
r_35_100,0.14723378,165.0,47.0,30.0
r_35_100,0.023051756,160.0,70.0,22.0
r_35_100,0.026621059,186.0,72.0,53.0
r_35_100,0.058893517,109.0,34.0,11.0
r_35_100,0.027067222,119.0,62.0,19.0
r_35_100,0.004164188,211.0,122.0,97.0
r_36_100,0.058596075,175.0,82.0,33.0
r_36_100,0.120910175,144.0,62.0,21.0
r_36_100,0.005800119,217.0,135.0,119.0
r_36_100,0.002676978,243.0,173.0,158.0
r_36_100,0.04610351,77.0,29.0,10.0
r_36_100,0.04759072,188.0,92.0,58.0
r_36_100,0.13994646,164.0,44.0,29.0
r_36_100,0.026621059,187.0,71.0,53.0
r_36_100,0.01799524,159.0,71.0,23.0
r_36_100,0.032123737,120.0,65.0,18.0
r_37_100,0.061867937,174.0,83.0,33.0
r_37_100,0.12299227,145.0,63.0,22.0
r_37_100,0.003569304,241.0,173.0,154.0
r_37_100,0.051754907,189.0,92.0,58.0
r_37_100,0.12908983,164.0,44.0,29.0
r_37_100,0.028108269,186.0,71.0,53.0
r_37_100,0.01784652,158.0,73.0,23.0
r_37_100,0.006692445,208.0,122.0,94.0
r_37_100,0.03271862,122.0,68.0,21.0
r_37_100,0.051308744,109.0,35.0,12.0
r_38_100,0.06811422,175.0,86.0,35.0
r_38_100,0.003123141,243.0,176.0,158.0
r_38_100,0.043723974,77.0,29.0,10.0
r_38_100,0.052944675,190.0,92.0,58.0
r_38_100,0.11154075,146.0,63.0,22.0
r_38_100,0.12254611,164.0,44.0,29.0
r_38_100,0.026621059,188.0,73.0,55.0
r_38_100,0.01635931,155.0,73.0,22.0
r_38_100,0.043426532,128.0,70.0,21.0
r_38_100,0.00594884,210.0,124.0,97.0
r_39_100,0.06543724,176.0,87.0,36.0
r_39_100,0.003569304,240.0,171.0,154.0
r_39_100,0.04476502,77.0,29.0,11.0
r_39_100,0.062908985,189.0,92.0,56.0
r_39_100,0.107674,147.0,62.0,23.0
r_39_100,0.12135634,164.0,44.0,29.0
r_39_100,0.024687685,187.0,73.0,53.0
r_39_100,0.015615705,153.0,75.0,22.0
r_39_100,0.043575253,132.0,74.0,21.0
r_39_100,0.005651398,209.0,122.0,92.0
r_3_100,0.19110648,150.0,34.0,24.0
r_3_100,0.10261749,111.0,19.0,7.0
r_3_100,0.07287329,59.0,15.0,5.0
r_3_100,0.04164188,148.0,55.0,36.0
r_3_100,0.05636526,128.0,17.0,9.0
r_3_100,0.026174895,181.0,85.0,69.0
r_3_100,0.018590124,184.0,93.0,81.0
r_3_100,0.08179655,88.0,17.0,11.0
r_3_100,0.012790006,163.0,108.0,84.0
r_3_100,0.010261749,211.0,121.0,107.0
r_40_100,0.07763236,176.0,90.0,37.0
r_40_100,0.003420583,244.0,174.0,155.0
r_40_100,0.049672812,193.0,95.0,60.0
r_40_100,0.09994051,146.0,61.0,22.0
r_40_100,0.119571686,165.0,44.0,29.0
r_40_100,0.02379536,154.0,73.0,22.0
r_40_100,0.022605592,188.0,72.0,52.0
r_40_100,0.04476502,133.0,77.0,23.0
r_40_100,0.0087745385,212.0,124.0,94.0
r_40_100,0.003866746,160.0,89.0,31.0
r_41_100,0.07852469,177.0,91.0,37.0
r_41_100,0.054134443,193.0,95.0,59.0
r_41_100,0.08953004,145.0,62.0,23.0
r_41_100,0.11986913,165.0,44.0,29.0
r_41_100,0.021564545,154.0,74.0,21.0
r_41_100,0.027215943,188.0,71.0,52.0
r_41_100,0.009815586,211.0,120.0,91.0
r_41_100,0.040898275,132.0,77.0,23.0
r_41_100,0.012492564,145.0,81.0,21.0
r_41_100,0.005651398,163.0,91.0,32.0
r_42_100,0.08045806,176.0,92.0,37.0
r_42_100,0.002676978,240.0,168.0,149.0
r_42_100,0.06380131,191.0,95.0,58.0
r_42_100,0.09057109,146.0,62.0,23.0
r_42_100,0.115110055,164.0,44.0,28.0
r_42_100,0.019036287,155.0,72.0,20.0
r_42_100,0.021713266,188.0,71.0,52.0
r_42_100,0.009369423,212.0,124.0,95.0
r_42_100,0.009220702,162.0,91.0,31.0
r_42_100,0.037775133,131.0,79.0,23.0
r_43_100,0.073914334,179.0,94.0,39.0
r_43_100,0.003569304,237.0,167.0,144.0
r_43_100,0.058893517,192.0,98.0,60.0
r_43_100,0.088488996,145.0,61.0,23.0
r_43_100,0.1125818,165.0,44.0,29.0
r_43_100,0.02364664,161.0,93.0,32.0
r_43_100,0.025728732,191.0,73.0,53.0
r_43_100,0.01189768,212.0,123.0,94.0
r_43_100,0.016508032,156.0,73.0,21.0
r_43_100,0.034800712,129.0,78.0,23.0
r_44_100,0.106484234,156.0,34.0,23.0
r_44_100,0.23111244,252.0,251.0,249.0
r_44_100,0.02959548,53.0,17.0,6.0
r_44_100,0.032272458,147.0,96.0,29.0
r_44_100,0.004759072,108.0,73.0,73.0
r_44_100,0.08938132,135.0,49.0,18.0
r_44_100,0.014574658,127.0,17.0,11.0
r_44_100,0.039411064,114.0,28.0,10.0
r_44_100,0.02825699,117.0,71.0,18.0
r_44_100,0.014277216,39.0,15.0,9.0
r_45_100,0.10588935,156.0,34.0,23.0
r_45_100,0.23616895,252.0,251.0,249.0
r_45_100,0.030041642,52.0,17.0,6.0
r_45_100,0.018590124,30.0,17.0,12.0
r_45_100,0.040898275,148.0,97.0,30.0
r_45_100,0.003271862,187.0,152.0,150.0
r_45_100,0.081052944,136.0,49.0,19.0
r_45_100,0.01635931,126.0,17.0,11.0
r_45_100,0.03718025,113.0,30.0,12.0
r_45_100,0.027959548,117.0,70.0,17.0
r_46_100,0.10261749,157.0,34.0,23.0
r_46_100,0.23720999,252.0,251.0,249.0
r_46_100,0.032123737,52.0,16.0,6.0
r_46_100,0.050118975,151.0,100.0,31.0
r_46_100,0.018887566,29.0,16.0,11.0
r_46_100,0.00446163,110.0,73.0,73.0
r_46_100,0.08343248,134.0,47.0,17.0
r_46_100,0.0121951215,129.0,14.0,11.0
r_46_100,0.035246875,114.0,29.0,10.0
r_46_100,0.024092803,118.0,73.0,18.0
r_47_100,0.09176086,157.0,34.0,24.0
r_47_100,0.23854849,252.0,251.0,250.0
r_47_100,0.028851874,53.0,15.0,6.0
r_47_100,0.065734684,151.0,102.0,32.0
r_47_100,0.004015467,186.0,149.0,149.0
r_47_100,0.08209399,135.0,49.0,17.0
r_47_100,0.015318263,127.0,17.0,13.0
r_47_100,0.024092803,118.0,72.0,17.0
r_47_100,0.03242118,114.0,28.0,12.0
r_47_100,0.007882213,170.0,48.0,21.0
r_48_100,0.088340275,157.0,34.0,24.0
r_48_100,0.24063058,252.0,251.0,250.0
r_48_100,0.030487806,52.0,15.0,5.0
r_48_100,0.064247474,153.0,106.0,34.0
r_48_100,0.0835812,136.0,48.0,17.0
r_48_100,0.015615705,127.0,17.0,11.0
r_48_100,0.030339085,113.0,28.0,11.0
r_48_100,0.02230815,118.0,73.0,17.0
r_48_100,0.007882213,171.0,48.0,20.0
r_48_100,0.013533611,39.0,14.0,9.0
r_49_100,0.0856633,158.0,34.0,25.0
r_49_100,0.24345627,252.0,251.0,249.0
r_49_100,0.029298037,51.0,15.0,4.0
r_49_100,0.06632957,155.0,108.0,35.0
r_49_100,0.004312909,91.0,78.0,74.0
r_49_100,0.08239143,136.0,48.0,16.0
r_49_100,0.015913147,126.0,17.0,12.0
r_49_100,0.02230815,118.0,71.0,18.0
r_49_100,0.024985127,111.0,29.0,11.0
r_49_100,0.014723379,39.0,14.0,9.0
r_4_100,0.18679358,150.0,34.0,23.0
r_4_100,0.07138608,58.0,15.0,4.0
r_4_100,0.043872695,147.0,54.0,37.0
r_4_100,0.1020226,111.0,19.0,8.0
r_4_100,0.058298633,129.0,17.0,10.0
r_4_100,0.02364664,184.0,88.0,71.0
r_4_100,0.01799524,182.0,93.0,81.0
r_4_100,0.07644259,89.0,18.0,12.0
r_4_100,0.01189768,159.0,105.0,81.0
r_4_100,0.007138608,183.0,72.0,60.0
r_50_100,0.08744795,158.0,34.0,24.0
r_50_100,0.24583581,252.0,251.0,249.0
r_50_100,0.030487806,53.0,15.0,6.0
r_50_100,0.067073174,156.0,110.0,37.0
r_50_100,0.003866746,187.0,149.0,148.0
r_50_100,0.003123141,113.0,75.0,75.0
r_50_100,0.08491969,135.0,49.0,18.0
r_50_100,0.012343843,126.0,16.0,12.0
r_50_100,0.020523498,117.0,71.0,17.0
r_50_100,0.027215943,114.0,29.0,12.0
r_51_100,0.088488996,158.0,34.0,24.0
r_51_100,0.24762046,252.0,251.0,250.0
r_51_100,0.029892921,53.0,16.0,6.0
r_51_100,0.067370616,156.0,110.0,37.0
r_51_100,0.009518144,140.0,107.0,42.0
r_51_100,0.08016062,135.0,50.0,17.0
r_51_100,0.012790006,127.0,16.0,13.0
r_51_100,0.021861987,118.0,72.0,19.0
r_51_100,0.026323617,114.0,30.0,11.0
r_51_100,0.01635931,38.0,13.0,8.0
r_52_100,0.081201665,158.0,34.0,24.0
r_52_100,0.25133848,252.0,251.0,250.0
r_52_100,0.030933969,53.0,15.0,5.0
r_52_100,0.07599643,159.0,113.0,40.0
r_52_100,0.01041047,139.0,108.0,42.0
r_52_100,0.003569304,150.0,111.0,111.0
r_52_100,0.076740034,135.0,51.0,18.0
r_52_100,0.01041047,127.0,16.0,11.0
r_52_100,0.027364664,113.0,27.0,10.0
r_52_100,0.021713266,117.0,70.0,18.0
r_53_100,0.07629387,159.0,34.0,24.0
r_53_100,0.2543129,252.0,251.0,250.0
r_53_100,0.03271862,53.0,15.0,5.0
r_53_100,0.0771862,157.0,111.0,37.0
r_53_100,0.004164188,189.0,153.0,152.0
r_53_100,0.08090422,133.0,51.0,16.0
r_53_100,0.010707912,128.0,17.0,12.0
r_53_100,0.0297442,113.0,28.0,10.0
r_53_100,0.008477097,164.0,45.0,17.0
r_53_100,0.01189768,150.0,114.0,40.0
r_54_100,0.07168352,158.0,33.0,24.0
r_54_100,0.2571386,252.0,251.0,250.0
r_54_100,0.033313505,52.0,14.0,5.0
r_54_100,0.016954195,153.0,118.0,43.0
r_54_100,0.005205235,184.0,149.0,147.0
r_54_100,0.07882213,134.0,52.0,17.0
r_54_100,0.010113028,125.0,16.0,10.0
r_54_100,0.07331945,157.0,112.0,38.0
r_54_100,0.02528257,118.0,72.0,21.0
r_54_100,0.02959548,112.0,28.0,11.0
r_55_100,0.072427124,159.0,34.0,24.0
r_55_100,0.2592207,252.0,251.0,250.0
r_55_100,0.034503274,52.0,15.0,4.0
r_55_100,0.016508032,155.0,118.0,44.0
r_55_100,0.004015467,186.0,150.0,147.0
r_55_100,0.081201665,134.0,52.0,16.0
r_55_100,0.009518144,128.0,16.0,10.0
r_55_100,0.07004759,158.0,112.0,38.0
r_55_100,0.01621059,37.0,12.0,7.0
r_55_100,0.026472338,110.0,29.0,10.0
r_56_100,0.06811422,158.0,33.0,24.0
r_56_100,0.26338488,252.0,251.0,250.0
r_56_100,0.036734086,52.0,14.0,4.0
r_56_100,0.01948245,155.0,119.0,44.0
r_56_100,0.007882213,108.0,80.0,25.0
r_56_100,0.002825699,150.0,114.0,113.0
r_56_100,0.011451517,127.0,15.0,12.0
r_56_100,0.07480666,135.0,52.0,17.0
r_56_100,0.007138608,167.0,48.0,18.0
r_56_100,0.05933968,157.0,111.0,36.0
r_57_100,0.064396195,158.0,33.0,24.0
r_57_100,0.26591316,252.0,251.0,250.0
r_57_100,0.031826295,53.0,15.0,6.0
r_57_100,0.01799524,152.0,118.0,42.0
r_57_100,0.022903034,118.0,72.0,20.0
r_57_100,0.02215943,39.0,12.0,8.0
r_57_100,0.010261749,126.0,16.0,13.0
r_57_100,0.008030934,167.0,47.0,19.0
r_57_100,0.057257585,160.0,113.0,38.0
r_57_100,0.028554432,113.0,31.0,13.0
r_58_100,0.056216538,159.0,33.0,24.0
r_58_100,0.269185,252.0,251.0,250.0
r_58_100,0.020226056,153.0,119.0,42.0
r_58_100,0.032272458,52.0,14.0,5.0
r_58_100,0.004610351,183.0,147.0,144.0
r_58_100,0.010856633,164.0,43.0,15.0
r_58_100,0.022903034,39.0,13.0,9.0
r_58_100,0.009815586,126.0,14.0,12.0
r_58_100,0.07733492,133.0,51.0,18.0
r_58_100,0.019928614,118.0,70.0,17.0
r_59_100,0.057406306,159.0,33.0,23.0
r_59_100,0.27126712,252.0,252.0,250.0
r_59_100,0.038072575,53.0,14.0,5.0
r_59_100,0.01933373,153.0,120.0,44.0
r_59_100,0.004312909,184.0,146.0,145.0
r_59_100,0.019928614,39.0,12.0,8.0
r_59_100,0.0087745385,126.0,15.0,10.0
r_59_100,0.071088634,134.0,51.0,17.0
r_59_100,0.005800119,164.0,42.0,16.0
r_59_100,0.019779893,118.0,71.0,21.0
r_5_100,0.18560381,149.0,34.0,23.0
r_5_100,0.098155856,112.0,20.0,9.0
r_5_100,0.019036287,183.0,92.0,81.0
r_5_100,0.067370616,59.0,15.0,5.0
r_5_100,0.04015467,148.0,53.0,36.0
r_5_100,0.0623141,129.0,18.0,9.0
r_5_100,0.022754313,183.0,87.0,70.0
r_5_100,0.08045806,87.0,18.0,12.0
r_5_100,0.009964307,212.0,123.0,108.0
r_5_100,0.022010708,151.0,66.0,55.0
r_60_100,0.05636526,159.0,34.0,23.0
r_60_100,0.27379537,252.0,252.0,250.0
r_60_100,0.03732897,52.0,14.0,5.0
r_60_100,0.016805474,155.0,120.0,44.0
r_60_100,0.021564545,116.0,71.0,19.0
r_60_100,0.004015467,186.0,148.0,146.0
r_60_100,0.022010708,39.0,13.0,9.0
r_60_100,0.009369423,128.0,16.0,11.0
r_60_100,0.044021416,159.0,112.0,37.0
r_60_100,0.07346817,137.0,50.0,18.0
r_61_100,0.053242117,160.0,34.0,23.0
r_61_100,0.27572873,252.0,252.0,250.0
r_61_100,0.038518738,52.0,13.0,5.0
r_61_100,0.015764426,155.0,121.0,43.0
r_61_100,0.003718025,133.0,119.0,116.0
r_61_100,0.003420583,107.0,74.0,72.0
r_61_100,0.019185008,176.0,138.0,55.0
r_61_100,0.021267103,39.0,12.0,8.0
r_61_100,0.07450922,134.0,49.0,17.0
r_61_100,0.007287329,127.0,15.0,10.0
r_62_100,0.046995837,159.0,34.0,24.0
r_62_100,0.2770672,252.0,251.0,250.0
r_62_100,0.037923854,53.0,14.0,5.0
r_62_100,0.028108269,177.0,140.0,59.0
r_62_100,0.014574658,158.0,124.0,46.0
r_62_100,0.021713266,39.0,12.0,8.0
r_62_100,0.0060975607,164.0,40.0,15.0
r_62_100,0.008030934,127.0,16.0,13.0
r_62_100,0.027959548,113.0,32.0,11.0
r_62_100,0.071237355,134.0,49.0,19.0
r_63_100,0.04759072,157.0,33.0,22.0
r_63_100,0.27855444,252.0,252.0,250.0
r_63_100,0.027215943,174.0,141.0,58.0
r_63_100,0.039411064,52.0,14.0,5.0
r_63_100,0.02364664,38.0,12.0,8.0
r_63_100,0.01189768,156.0,123.0,45.0
r_63_100,0.008030934,128.0,17.0,14.0
r_63_100,0.027959548,112.0,33.0,11.0
r_63_100,0.06528852,132.0,50.0,17.0
r_63_100,0.020226056,115.0,71.0,19.0
r_64_100,0.045211185,157.0,33.0,22.0
r_64_100,0.2803391,252.0,251.0,250.0
r_64_100,0.028554432,178.0,143.0,60.0
r_64_100,0.039708506,51.0,14.0,5.0
r_64_100,0.00446163,131.0,119.0,115.0
r_64_100,0.025728732,38.0,12.0,8.0
r_64_100,0.011748959,158.0,125.0,47.0
r_64_100,0.008328376,128.0,17.0,13.0
r_64_100,0.06350387,132.0,49.0,17.0
r_64_100,0.027513385,113.0,33.0,12.0
r_65_100,0.042682927,157.0,32.0,23.0
r_65_100,0.28093398,252.0,251.0,250.0
r_65_100,0.030785248,177.0,143.0,62.0
r_65_100,0.039857227,52.0,14.0,5.0
r_65_100,0.003420583,185.0,149.0,147.0
r_65_100,0.023200477,39.0,11.0,7.0
r_65_100,0.009220702,156.0,124.0,46.0
r_65_100,0.0623141,132.0,49.0,16.0
r_65_100,0.022903034,117.0,71.0,19.0
r_65_100,0.029298037,114.0,34.0,11.0
r_66_100,0.039857227,158.0,33.0,22.0
r_66_100,0.2812314,252.0,252.0,250.0
r_66_100,0.0361392,178.0,144.0,61.0
r_66_100,0.041344438,51.0,13.0,5.0
r_66_100,0.004312909,184.0,148.0,147.0
r_66_100,0.024390243,38.0,12.0,7.0
r_66_100,0.01041047,155.0,123.0,44.0
r_66_100,0.058893517,131.0,49.0,16.0
r_66_100,0.0297442,115.0,34.0,12.0
r_66_100,0.030190364,75.0,39.0,26.0
r_67_100,0.04149316,158.0,33.0,21.0
r_67_100,0.28093398,252.0,252.0,250.0
r_67_100,0.035395596,179.0,145.0,64.0
r_67_100,0.037923854,53.0,14.0,6.0
r_67_100,0.029000595,38.0,12.0,7.0
r_67_100,0.01189768,156.0,125.0,45.0
r_67_100,0.057555027,130.0,51.0,16.0
r_67_100,0.030190364,113.0,34.0,11.0
r_67_100,0.019185008,31.0,16.0,13.0
r_67_100,0.027364664,75.0,38.0,25.0
r_68_100,0.038221296,157.0,33.0,21.0
r_68_100,0.28063652,252.0,252.0,250.0
r_68_100,0.0389649,181.0,147.0,65.0
r_68_100,0.037031528,52.0,13.0,5.0
r_68_100,0.03108269,113.0,34.0,13.0
r_68_100,0.015764426,151.0,121.0,42.0
r_68_100,0.022605592,38.0,12.0,6.0
r_68_100,0.025133848,30.0,16.0,11.0
r_68_100,0.054283164,130.0,51.0,17.0
r_68_100,0.016061869,117.0,69.0,19.0
r_69_100,0.27914932,252.0,252.0,250.0
r_69_100,0.036436643,159.0,34.0,23.0
r_69_100,0.03718025,179.0,146.0,64.0
r_69_100,0.04030339,52.0,13.0,5.0
r_69_100,0.031677574,111.0,33.0,12.0
r_69_100,0.025728732,38.0,11.0,7.0
r_69_100,0.011005354,155.0,124.0,44.0
r_69_100,0.051754907,131.0,52.0,18.0
r_69_100,0.022605592,29.0,15.0,11.0
r_69_100,0.027067222,75.0,38.0,26.0
r_6_100,0.19303986,150.0,34.0,23.0
r_6_100,0.10113028,112.0,20.0,9.0
r_6_100,0.07599643,60.0,15.0,5.0
r_6_100,0.04298037,147.0,53.0,34.0
r_6_100,0.05963712,129.0,18.0,11.0
r_6_100,0.024538964,182.0,87.0,70.0
r_6_100,0.017400356,183.0,93.0,81.0
r_6_100,0.07644259,87.0,17.0,10.0
r_6_100,0.011302796,214.0,125.0,110.0
r_6_100,0.004164188,184.0,73.0,65.0
r_70_100,0.27810827,252.0,252.0,250.0
r_70_100,0.033164784,158.0,34.0,22.0
r_70_100,0.039113622,180.0,148.0,66.0
r_70_100,0.0417906,51.0,13.0,5.0
r_70_100,0.013682332,151.0,121.0,43.0
r_70_100,0.025580011,38.0,11.0,6.0
r_70_100,0.05339084,130.0,51.0,16.0
r_70_100,0.033164784,113.0,34.0,12.0
r_70_100,0.02230815,29.0,15.0,12.0
r_70_100,0.01635931,120.0,70.0,18.0
r_71_100,0.2767698,252.0,252.0,250.0
r_71_100,0.029446758,157.0,34.0,21.0
r_71_100,0.042534206,184.0,150.0,68.0
r_71_100,0.034949433,52.0,12.0,5.0
r_71_100,0.02959548,38.0,11.0,6.0
r_71_100,0.058744796,129.0,50.0,17.0
r_71_100,0.011748959,157.0,121.0,46.0
r_71_100,0.024538964,29.0,16.0,13.0
r_71_100,0.0325699,114.0,33.0,11.0
r_71_100,0.004759072,162.0,45.0,17.0
r_72_100,0.27572873,252.0,251.0,250.0
r_72_100,0.046995837,185.0,151.0,69.0
r_72_100,0.02543129,157.0,33.0,20.0
r_72_100,0.042088043,51.0,14.0,5.0
r_72_100,0.027810827,38.0,10.0,5.0
r_72_100,0.058298633,130.0,50.0,16.0
r_72_100,0.030339085,29.0,17.0,12.0
r_72_100,0.00594884,162.0,43.0,15.0
r_72_100,0.00892326,159.0,124.0,46.0
r_72_100,0.031826295,113.0,34.0,12.0
r_73_100,0.27468768,253.0,251.0,250.0
r_73_100,0.04312909,185.0,150.0,67.0
r_73_100,0.023944082,157.0,34.0,22.0
r_73_100,0.039559785,51.0,13.0,5.0
r_73_100,0.029149316,38.0,11.0,6.0
r_73_100,0.058744796,130.0,50.0,17.0
r_73_100,0.03405711,30.0,17.0,12.0
r_73_100,0.0060975607,161.0,39.0,13.0
r_73_100,0.008477097,157.0,123.0,44.0
r_73_100,0.029892921,113.0,33.0,11.0
r_74_100,0.2720107,253.0,251.0,250.0
r_74_100,0.02528257,154.0,33.0,21.0
r_74_100,0.044913743,184.0,151.0,68.0
r_74_100,0.034949433,51.0,13.0,5.0
r_74_100,0.033016063,38.0,11.0,5.0
r_74_100,0.04015467,29.0,17.0,12.0
r_74_100,0.055621654,131.0,49.0,17.0
r_74_100,0.008625818,153.0,122.0,43.0
r_74_100,0.030190364,113.0,33.0,11.0
r_74_100,0.004610351,165.0,47.0,17.0
r_75_100,0.2697799,253.0,251.0,250.0
r_75_100,0.04327781,182.0,152.0,69.0
r_75_100,0.021713266,156.0,33.0,22.0
r_75_100,0.034800712,52.0,14.0,7.0
r_75_100,0.002676978,189.0,151.0,151.0
r_75_100,0.034949433,38.0,11.0,6.0
r_75_100,0.04312909,28.0,16.0,12.0
r_75_100,0.056216538,132.0,50.0,16.0
r_75_100,0.034354553,114.0,34.0,10.0
r_75_100,0.00743605,151.0,121.0,43.0
r_76_100,0.26948246,253.0,252.0,250.0
r_76_100,0.022754313,156.0,34.0,21.0
r_76_100,0.045062464,184.0,151.0,71.0
r_76_100,0.03569304,51.0,14.0,7.0
r_76_100,0.03138013,38.0,10.0,5.0
r_76_100,0.048036885,28.0,15.0,12.0
r_76_100,0.05636526,133.0,51.0,17.0
r_76_100,0.03718025,113.0,33.0,10.0
r_76_100,0.007584771,152.0,120.0,43.0
r_76_100,0.033610947,74.0,37.0,26.0
r_77_100,0.26754907,253.0,251.0,250.0
r_77_100,0.04312909,186.0,153.0,72.0
r_77_100,0.04164188,52.0,13.0,6.0
r_77_100,0.018292682,155.0,33.0,20.0
r_77_100,0.033462226,38.0,11.0,6.0
r_77_100,0.049672812,27.0,14.0,11.0
r_77_100,0.057555027,133.0,50.0,16.0
r_77_100,0.035246875,114.0,33.0,11.0
r_77_100,0.008328376,152.0,122.0,44.0
r_77_100,0.005651398,165.0,40.0,17.0
r_78_100,0.2656157,253.0,251.0,250.0
r_78_100,0.04000595,186.0,154.0,72.0
r_78_100,0.039411064,52.0,13.0,5.0
r_78_100,0.018292682,154.0,33.0,20.0
r_78_100,0.058298633,26.0,14.0,9.0
r_78_100,0.031826295,37.0,10.0,6.0
r_78_100,0.058893517,133.0,48.0,18.0
r_78_100,0.03718025,113.0,31.0,11.0
r_78_100,0.007584771,156.0,123.0,45.0
r_78_100,0.004759072,161.0,37.0,14.0
r_79_100,0.26397976,252.0,251.0,250.0
r_79_100,0.03599048,187.0,155.0,72.0
r_79_100,0.019779893,154.0,32.0,21.0
r_79_100,0.04045211,52.0,13.0,5.0
r_79_100,0.034949433,38.0,10.0,6.0
r_79_100,0.06067817,26.0,15.0,10.0
r_79_100,0.058744796,133.0,48.0,18.0
r_79_100,0.03569304,113.0,33.0,11.0
r_79_100,0.00743605,156.0,122.0,45.0
r_79_100,0.030339085,76.0,38.0,28.0
r_7_100,0.19854254,150.0,34.0,23.0
r_7_100,0.103807256,113.0,21.0,9.0
r_7_100,0.07004759,60.0,16.0,6.0
r_7_100,0.060380727,128.0,18.0,11.0
r_7_100,0.039262343,149.0,54.0,35.0
r_7_100,0.023349198,180.0,86.0,69.0
r_7_100,0.016508032,187.0,94.0,83.0
r_7_100,0.015913147,214.0,125.0,110.0
r_7_100,0.07569899,87.0,18.0,12.0
r_7_100,0.004610351,182.0,70.0,63.0
r_80_100,0.26293874,253.0,251.0,249.0
r_80_100,0.03762641,188.0,155.0,72.0
r_80_100,0.018292682,156.0,33.0,20.0
r_80_100,0.042385485,52.0,14.0,7.0
r_80_100,0.03732897,37.0,10.0,5.0
r_80_100,0.060232006,27.0,13.0,9.0
r_80_100,0.05785247,133.0,47.0,16.0
r_80_100,0.03599048,112.0,31.0,8.0
r_80_100,0.029446758,75.0,38.0,25.0
r_80_100,0.005502677,159.0,123.0,45.0
r_81_100,0.2607079,253.0,251.0,250.0
r_81_100,0.034949433,188.0,156.0,73.0
r_81_100,0.04045211,52.0,14.0,7.0
r_81_100,0.0121951215,153.0,32.0,19.0
r_81_100,0.03762641,38.0,10.0,6.0
r_81_100,0.0651398,26.0,13.0,9.0
r_81_100,0.05770375,132.0,47.0,16.0
r_81_100,0.037031528,113.0,31.0,10.0
r_81_100,0.005205235,163.0,41.0,16.0
r_81_100,0.03375967,75.0,38.0,27.0
r_82_100,0.25951815,253.0,251.0,249.0
r_82_100,0.036287922,186.0,156.0,72.0
r_82_100,0.04045211,52.0,13.0,7.0
r_82_100,0.06915527,25.0,14.0,9.0
r_82_100,0.012641285,154.0,34.0,20.0
r_82_100,0.034651995,37.0,9.0,5.0
r_82_100,0.06067817,135.0,47.0,17.0
r_82_100,0.03718025,112.0,32.0,9.0
r_82_100,0.018887566,208.0,175.0,93.0
r_82_100,0.031677574,74.0,37.0,26.0
r_83_100,0.25832838,252.0,251.0,249.0
r_83_100,0.045508627,52.0,13.0,4.0
r_83_100,0.0325699,189.0,158.0,76.0
r_83_100,0.07004759,25.0,13.0,9.0
r_83_100,0.058447354,134.0,46.0,16.0
r_83_100,0.034354553,160.0,113.0,40.0
r_83_100,0.034949433,38.0,10.0,6.0
r_83_100,0.010261749,153.0,33.0,19.0
r_83_100,0.038518738,113.0,30.0,10.0
r_83_100,0.02082094,206.0,176.0,93.0
r_84_100,0.25654373,252.0,251.0,249.0
r_84_100,0.04327781,52.0,13.0,4.0
r_84_100,0.08016062,25.0,13.0,8.0
r_84_100,0.0269185,188.0,158.0,76.0
r_84_100,0.06097561,133.0,46.0,17.0
r_84_100,0.028703153,162.0,116.0,44.0
r_84_100,0.031975016,37.0,11.0,6.0
r_84_100,0.011748959,155.0,35.0,21.0
r_84_100,0.04000595,111.0,28.0,9.0
r_84_100,0.021118382,209.0,176.0,94.0
r_85_100,0.2535693,253.0,251.0,249.0
r_85_100,0.04595479,52.0,13.0,5.0
r_85_100,0.07569899,25.0,13.0,9.0
r_85_100,0.06365259,134.0,46.0,17.0
r_85_100,0.026621059,188.0,156.0,75.0
r_85_100,0.028703153,162.0,116.0,45.0
r_85_100,0.003271862,130.0,119.0,115.0
r_85_100,0.039411064,37.0,10.0,6.0
r_85_100,0.011302796,154.0,34.0,20.0
r_85_100,0.041195717,110.0,28.0,9.0
r_86_100,0.060232006,203.0,143.0,72.0
r_86_100,0.061867937,141.0,57.0,21.0
r_86_100,0.024092803,216.0,179.0,100.0
r_86_100,0.049821533,56.0,12.0,4.0
r_86_100,0.031826295,172.0,109.0,43.0
r_86_100,0.04000595,108.0,25.0,8.0
r_86_100,0.023497919,190.0,155.0,75.0
r_86_100,0.037031528,180.0,98.0,42.0
r_86_100,0.013682332,230.0,192.0,124.0
r_86_100,0.011005354,225.0,172.0,99.0
r_87_100,0.25208208,252.0,251.0,249.0
r_87_100,0.048036885,52.0,13.0,4.0
r_87_100,0.081350386,26.0,14.0,8.0
r_87_100,0.061867937,135.0,46.0,16.0
r_87_100,0.020077335,190.0,155.0,74.0
r_87_100,0.03569304,162.0,114.0,40.0
r_87_100,0.03881618,37.0,11.0,6.0
r_87_100,0.041046996,111.0,27.0,9.0
r_87_100,0.025877453,212.0,178.0,97.0
r_87_100,0.008625818,153.0,33.0,20.0
r_88_100,0.05651398,202.0,143.0,72.0
r_88_100,0.06409875,141.0,57.0,21.0
r_88_100,0.049077928,54.0,12.0,3.0
r_88_100,0.03732897,172.0,109.0,44.0
r_88_100,0.045211185,109.0,26.0,10.0
r_88_100,0.020969661,190.0,154.0,71.0
r_88_100,0.022903034,216.0,179.0,100.0
r_88_100,0.014723379,231.0,191.0,124.0
r_88_100,0.03138013,179.0,98.0,42.0
r_88_100,0.011005354,229.0,174.0,102.0
r_89_100,0.2492564,252.0,251.0,249.0
r_89_100,0.05517549,51.0,14.0,6.0
r_89_100,0.07778108,26.0,12.0,6.0
r_89_100,0.06647829,137.0,45.0,16.0
r_89_100,0.018738845,191.0,156.0,75.0
r_89_100,0.035395596,162.0,114.0,45.0
r_89_100,0.041195717,38.0,10.0,7.0
r_89_100,0.040600833,115.0,28.0,10.0
r_89_100,0.024985127,211.0,178.0,96.0
r_89_100,0.009071981,155.0,38.0,22.0
r_8_100,0.20136823,150.0,35.0,23.0
r_8_100,0.108120166,113.0,22.0,9.0
r_8_100,0.07019631,60.0,15.0,5.0
r_8_100,0.038221296,149.0,54.0,35.0
r_8_100,0.055472933,130.0,19.0,9.0
r_8_100,0.027215943,179.0,85.0,67.0
r_8_100,0.015169542,186.0,96.0,83.0
r_8_100,0.0148721,215.0,127.0,112.0
r_8_100,0.07138608,87.0,19.0,12.0
r_8_100,0.009518144,160.0,107.0,81.0
r_90_100,0.24821535,252.0,251.0,249.0
r_90_100,0.05770375,51.0,14.0,6.0
r_90_100,0.07852469,26.0,13.0,7.0
r_90_100,0.06558596,138.0,45.0,17.0
r_90_100,0.026323617,211.0,179.0,97.0
r_90_100,0.0297442,163.0,113.0,44.0
r_90_100,0.003718025,126.0,117.0,113.0
r_90_100,0.039411064,38.0,10.0,6.0
r_90_100,0.04283165,116.0,28.0,11.0
r_90_100,0.016954195,193.0,159.0,76.0
r_91_100,0.24598454,252.0,251.0,249.0
r_91_100,0.05636526,52.0,14.0,7.0
r_91_100,0.067221895,136.0,44.0,17.0
r_91_100,0.026323617,211.0,180.0,97.0
r_91_100,0.02528257,162.0,115.0,46.0
r_91_100,0.003866746,125.0,116.0,113.0
r_91_100,0.003420583,180.0,144.0,132.0
r_91_100,0.04729328,37.0,10.0,7.0
r_91_100,0.073914334,26.0,12.0,7.0
r_91_100,0.044913743,116.0,28.0,11.0
r_92_100,0.243605,252.0,251.0,250.0
r_92_100,0.06469364,51.0,15.0,7.0
r_92_100,0.06543724,137.0,45.0,17.0
r_92_100,0.029298037,212.0,180.0,98.0
r_92_100,0.028405711,165.0,115.0,45.0
r_92_100,0.054729328,37.0,11.0,6.0
r_92_100,0.050416417,115.0,25.0,9.0
r_92_100,0.06499108,25.0,12.0,7.0
r_92_100,0.014128495,192.0,157.0,74.0
r_92_100,0.005353956,153.0,38.0,20.0
r_93_100,0.051754907,113.0,26.0,9.0
r_93_100,0.058447354,204.0,143.0,74.0
r_93_100,0.028108269,219.0,183.0,103.0
r_93_100,0.0679655,55.0,13.0,5.0
r_93_100,0.0651398,143.0,55.0,21.0
r_93_100,0.02364664,172.0,108.0,45.0
r_93_100,0.019185008,232.0,193.0,128.0
r_93_100,0.026026174,181.0,98.0,44.0
r_93_100,0.042682927,172.0,90.0,43.0
r_93_100,0.012492564,192.0,155.0,75.0
r_94_100,0.072724566,51.0,15.0,7.0
r_94_100,0.24018441,252.0,251.0,249.0
r_94_100,0.07212968,137.0,44.0,16.0
r_94_100,0.032867342,212.0,182.0,100.0
r_94_100,0.022456871,165.0,117.0,48.0
r_94_100,0.003569304,132.0,121.0,118.0
r_94_100,0.04729328,38.0,10.0,6.0
r_94_100,0.053242117,115.0,26.0,10.0
r_94_100,0.06350387,25.0,12.0,7.0
r_94_100,0.033016063,71.0,36.0,24.0
r_95_100,0.07733492,52.0,15.0,8.0
r_95_100,0.23944081,252.0,251.0,249.0
r_95_100,0.07317073,138.0,43.0,16.0
r_95_100,0.03108269,215.0,183.0,99.0
r_95_100,0.003271862,131.0,119.0,117.0
r_95_100,0.047888163,39.0,10.0,6.0
r_95_100,0.052647233,117.0,26.0,10.0
r_95_100,0.05963712,25.0,11.0,7.0
r_95_100,0.03123141,71.0,36.0,25.0
r_95_100,0.009369423,197.0,159.0,78.0
r_96_100,0.08477097,52.0,14.0,7.0
r_96_100,0.23720999,252.0,251.0,249.0
r_96_100,0.074063055,138.0,43.0,16.0
r_96_100,0.025133848,215.0,184.0,100.0
r_96_100,0.003123141,131.0,119.0,117.0
r_96_100,0.004610351,181.0,147.0,132.0
r_96_100,0.017549077,167.0,116.0,44.0
r_96_100,0.043575253,39.0,9.0,5.0
r_96_100,0.060232006,26.0,12.0,8.0
r_96_100,0.052498512,116.0,27.0,11.0
r_97_100,0.08447353,52.0,15.0,7.0
r_97_100,0.2366151,252.0,251.0,250.0
r_97_100,0.07867341,138.0,42.0,17.0
r_97_100,0.025580011,216.0,187.0,104.0
r_97_100,0.004610351,180.0,145.0,130.0
r_97_100,0.014277216,168.0,119.0,45.0
r_97_100,0.041344438,40.0,10.0,7.0
r_97_100,0.054134443,116.0,26.0,10.0
r_97_100,0.061719216,25.0,11.0,7.0
r_97_100,0.039708506,72.0,37.0,24.0
r_98_100,0.09042237,53.0,14.0,6.0
r_98_100,0.23676383,252.0,251.0,249.0
r_98_100,0.07361689,136.0,42.0,17.0
r_98_100,0.02676978,217.0,186.0,103.0
r_98_100,0.01635931,169.0,118.0,43.0
r_98_100,0.038221296,40.0,10.0,7.0
r_98_100,0.050416417,116.0,26.0,10.0
r_98_100,0.05919096,25.0,11.0,6.0
r_98_100,0.03881618,70.0,37.0,23.0
r_98_100,0.004610351,144.0,37.0,19.0
r_99_100,0.092504464,52.0,14.0,6.0
r_99_100,0.23527662,252.0,251.0,249.0
r_99_100,0.076888755,137.0,41.0,17.0
r_99_100,0.027364664,218.0,187.0,104.0
r_99_100,0.037031528,38.0,11.0,8.0
r_99_100,0.048929207,115.0,26.0,11.0
r_99_100,0.054580607,25.0,10.0,7.0
r_99_100,0.042534206,69.0,36.0,22.0
r_99_100,0.004759072,140.0,34.0,15.0
r_99_100,0.04045211,87.0,15.0,10.0
r_9_100,0.20895301,150.0,34.0,22.0
r_9_100,0.104997024,113.0,23.0,9.0
r_9_100,0.06885783,60.0,16.0,5.0
r_9_100,0.040898275,149.0,53.0,35.0
r_9_100,0.049821533,129.0,19.0,10.0
r_9_100,0.024241524,182.0,86.0,70.0
r_9_100,0.015615705,183.0,96.0,82.0
r_9_100,0.017251637,215.0,126.0,112.0
r_9_100,0.007733492,183.0,71.0,57.0
r_9_100,0.07034503,88.0,20.0,13.0
